TD0:
  U_0: 0.0
  U_90: 0.6
  D_90: 0.0
  U_180: 0.53334
  U_45: 0.6
TD90:
  U_0: 0.53334
  U_90: 0.0
  D_90: 0.0
  U_180: 0.6667
  U_45: 0.6
OI90:
  U_0: 0.0
  U_90: 0.9334
  D_90: 0.8667
  U_180: 0.0
  U_45: 0.0
TDH0:
  U_0: 0.9334
  U_90: 0.0
  D_90: 0.0
  U_180: 0.0
  U_45: 0.0
